 order_hour | order_count | total_order_amount
------------+-------------+--------------------
          0 |        1330 |           17747.94
          1 |        1302 |           17366.71
          2 |        1343 |           17778.54
          3 |        1317 |           17539.39
          4 |        1385 |           18432.44
          5 |        1333 |           17896.50
          6 |        1338 |           17912.76
          7 |        1338 |           17986.20
          8 |        1270 |           16993.66
          9 |        1336 |           17948.30
         10 |        1323 |           17563.66
         11 |        1364 |           17991.67
         12 |        1320 |           17456.48
         13 |        1365 |           18189.18
         14 |        1360 |           18135.45
         15 |        1351 |           18267.77
         16 |        1313 |           17482.65
         17 |        1354 |           17870.88
         18 |        1329 |           17816.56
         19 |        1346 |           17975.23
         20 |        1337 |           17807.83
         21 |        1328 |           17743.88
         22 |        1330 |           17853.68
         23 |        1336 |           17872.49